=== Descriptive Statistics ===
                 count         mean          std    min      5%     25%       50%        75%      95%      max   skew   kurt
SeniorCitizen   7043.0     0.162147     0.368612   0.00   0.000    0.00     0.000     0.0000     1.00     1.00  1.834  1.363
tenure          7043.0    32.371149    24.559481   0.00   1.000    9.00    29.000    55.0000    72.00    72.00  0.240 -1.387
MonthlyCharges  7043.0    64.761692    30.090047  18.25  19.650   35.50    70.350    89.8500   107.40   118.75 -0.221 -1.257
TotalCharges    7032.0  2283.300441  2266.771362  18.80  49.605  401.45  1397.475  3794.7375  6923.59  8684.80  0.962 -0.232

=== Histograms ===

SeniorCitizen
  [      0.00,       0.08) | ######################################## 5901
  [      0.08,       0.17) |                                          0
  [      0.17,       0.25) |                                          0
  [      0.25,       0.33) |                                          0
  [      0.33,       0.42) |                                          0
  [      0.42,       0.50) |                                          0
  [      0.50,       0.58) |                                          0
  [      0.58,       0.67) |                                          0
  [      0.67,       0.75) |                                          0
  [      0.75,       0.83) |                                          0
  [      0.83,       0.92) |                                          0
  [      0.92,       1.00) | #######                                  1142

tenure
  [      0.00,       6.00) | ######################################## 1371
  [      6.00,      12.00) | ####################                     698
  [     12.00,      18.00) | ################                         568
  [     18.00,      24.00) | #############                            479
  [     24.00,      30.00) | #############                            453
  [     30.00,      36.00) | ############                             423
  [     36.00,      42.00) | ##########                               364
  [     42.00,      48.00) | ###########                              384
  [     48.00,      54.00) | ############                             416
  [     54.00,      60.00) | ###########                              404
  [     60.00,      66.00) | #############                            450
  [     66.00,      72.00) | ##############################           1033

MonthlyCharges
  [     18.25,      26.62) | ######################################## 1604
  [     26.62,      35.00) | ###                                      127
  [     35.00,      43.38) | ####                                     168
  [     43.38,      51.75) | #############                            551
  [     51.75,      60.12) | ###########                              475
  [     60.12,      68.50) | ########                                 349
  [     68.50,      76.88) | ####################                     834
  [     76.88,      85.25) | ###################                      774
  [     85.25,      93.62) | #################                        684
  [     93.62,     102.00) | ##################                       750
  [    102.00,     110.38) | #############                            530
  [    110.38,     118.75) | ####                                     197

TotalCharges
  [     18.80,     740.97) | ######################################## 2455
  [    740.97,    1463.13) | ##################                       1166
  [   1463.13,    2185.30) | ###########                              684
  [   2185.30,    2907.47) | #######                                  473
  [   2907.47,    3629.63) | ######                                   415
  [   3629.63,    4351.80) | ######                                   377
  [   4351.80,    5073.97) | #####                                    368
  [   5073.97,    5796.13) | #####                                    311
  [   5796.13,    6518.30) | ####                                     291
  [   6518.30,    7240.47) | ###                                      230
  [   7240.47,    7962.63) | ##                                       174
  [   7962.63,    8684.80) | #                                        88

Stats saved to /Users/oleg/Documents/Coding/SJSU/Data Mining/HW1/Part 2/05_data_science_skills_lab/artifacts/programmatic_eda/distribution_summary.csv
